15865
13775
13639
12467
12444
7747
6391
5012
3964
3715
3230
2655
2550
2432
2382
2256
2047
1992
1941
1898
1889
1888
1689
1627
1574
1533
1484
1471
1459
1427
1402
1385
1362
1319
1316
1308
1277
1259
1257
1253
1251
1229
1227
1223
1222
1214
1188
1180
1178
1177
1154
1136
1129
1124
1119
1104
1101
1083
1071
1062
1048
1042
1041
1027
1019
1016
1006
1002
999
992
991
990
985
979
978
967
953
948
936
929
922
904
886
885
881
877
860
856
842
838
836
834
832
828
827
825
822
817
808
801
800
795
785
784
778
776
774
773
772
767
762
760
759
758
753
750
749
746
745
743
741
740
739
734
732
730
724
715
713
711
708
707
706
704
703
692
690
689
678
677
676
674
673
672
665
664
660
652
651
650
649
648
641
634
633
632
629
627
624
623
622
621
619
617
615
611
606
605
604
603
600
598
596
591
585
583
579
578
575
574
569
567
566
565
563
560
559
558
557
555
553
551
550
549
548
546
545
541
540
539
536
535
534
532
531
530
525
523
521
520
519
518
517
516
515
514
513
512
511
510
509
508
507
506
503
502
501
500
499
498
497
495
493
492
491
490
489
487
486
485
483
482
481
480
479
478
477
476
474
473
472
471
470
469
468
467
466
464
463
462
461
458
457
456
453
452
451
450
448
444
443
440
438
437
436
435
434
433
431
429
426
425
424
423
422
420
419
417
415
413
411
410
409
408
407
406
405
404
403
402
401
400
399
398
397
396
394
393
391
390
389
388
387
386
385
384
383
382
381
380
379
378
377
376
375
374
373
372
370
369
368
367
366
365
364
363
362
361
359
358
356
355
354
353
352
351
350
349
348
346
345
344
343
342
341
340
339
338
337
336
335
334
333
332
331
330
329
328
327
326
325
324
323
322
321
320
319
318
317
316
315
314
313
312
310
309
308
307
306
305
304
303
302
301
300
299
298
297
296
295
294
293
292
291
290
289
288
287
286
285
284
283
282
281
280
279
278
277
276
275
274
273
272
271
270
269
268
267
266
265
264
263
262
261
260
258
257
256
255
254
253
252
251
250
249
248
247
246
245
244
243
242
241
240
239
238
237
236
235
234
233
232
231
230
229
228
227
226
225
224
223
222
221
220
219
218
217
216
215
214
213
212
211
210
209
208
207
206
205
204
203
202
201
200
199
198
197
196
195
194
193
192
191
190
189
188
187
186
185
184
183
182
181
180
179
178
177
176
175
174
173
172
171
170
169
168
167
166
165
164
163
162
161
160
159
158
157
156
155
154
153
152
151
150
149
148
147
146
145
144
143
142
141
140
139
138
137
136
135
134
133
132
131
130
129
128
127
126
125
124
123
122
121
120
119
118
117
116
115
114
113
112
111
110
109
108
107
106
105
104
103
102
101
100
99
98
97
96
95
94
93
92
91
90
89
88
87
86
85
84
83
82
81
80
79
78
77
76
75
74
73
72
71
70
69
68
67
66
65
64
63
62
61
60
59
58
57
56
55
54
53
52
51
50
49
48
47
46
45
44
43
42
41
40
39
38
37
36
35
34
33
32
31
30
29
28
27
26
25
24
23
22
21
20
19
18
17
16
15
14
13
12
11
10
9
8
7
6
5
4
3
2
1
